           9
         126
         102
         108
          92
         108
         218
           2
         198
         207
         233
         122
          96
         206
          63
         100
          27
           4
          73
         217
         128
          82
          24
          51
         196
           6
         213
         176
         207
          16
          76
          83
         194
         100
         113
         254
         164
         215
         100
         200
          52
          52
         202
          14
         156
         210
         166
         197
         176
           5
